639
717
301
94
713
277
576
422
260
861
671
749
722
870
508
264
814
319
781
892
393
955
290
271
286
638
544
582
719
628
122
298
172
974
616
28
478
206
552
926
64
378
24
970
930
687
981
408
199
196
278
191
349
263
246
350
886
313
433
173
258
525
144
808
879
553
106
407
977
812
447
282
472
868
730
523
787
380
501
728
530
609
382
469
340
764
606
538
354
87
150
855
388
896
316
984
945
270
412
524
420
776
804
221
702
135
701
365
598
428
138
458
401
235
504
230
274
840
617
74
837
593
716
693
823
786
77
712
40
838
244
126
359
96
887
448
42
835
794
228
49
75
905
573
383
374
684
27
136
699
156
363
89
449
967
625
610
100
134
110
752
411
289
801
293
874
431
778
641
853
21
939
452
495
320
237
863
72
437
885
367
694
366
494
118
356
714
916
413
250
943
302
773
985
929
373
442
743
575
936
798
872
653
802
239
545
792
619
978
410
288
551
31
543
765
296
19
715
50
377
795
973
958
13
97
429
642
281
514
202
589
269
960
517
830
597
920
311
813
101
758
927
806
22
957
897
343
59
162
391
58
933
198
285
841
240
950
389
29
371
424
444
536
98
71
200
911
541
0
167
414
656
736
207
129
632
182
489
180
85
843
317
657
866
261
591
629
660
209
907
683
333
953
486
358
467
10
453
218
626
338
580
734
321
470
742
951
169
846
511
888
654
754
735
894
630
217
948
83
128
516
399
193
698
35
679
52
1
558
636
307
595
151
631
461
818
649
309
548
47
266
455
624
700
522
725
854
565
379
465
919
327
594
688
400
962
680
427
245
229
174
588
557
121
584
287
739
661
505
586
696
760
108
48
707
762
268
351
12
909
540
210
477
797
583
185
39
65
36
243
599
811
972
783
615
284
932
305
506
216
753
322
921
308
80
520
170
139
143
295
234
672
402
703
803
941
112
867
709
303
123
737
462
509
107
768
876
38
695
574
510
829
577
54
559
996
387
673
336
677
531
793
450
613
155
441
779
542
946
646
865
404
131
190
376
416
279
175
364
668
82
535
890
186
964
463
961
895
810
214
68
827
103
386
189
6
578
731
476
188
325
140
127
330
651
145
859
430
253
568
406
55
809
690
153
878
675
56
41
381
396
171
726
384
299
500
241
152
824
318
165
468
755
900
348
203
273
833
482
931
789
529
176
355
4
825
956
851
498
831
602
104
988
409
992
862
181
784
785
603
800
2
507
493
571
233
148
710
807
634
34
168
581
368
159
877
607
952
805
937
232
648
949
796
481
938
669
676
323
45
780
982
561
8
67
579
537
834
490
924
154
666
473
259
515
546
487
25
563
238
521
590
512
426
686
720
611
997
848
456
518
791
454
425
652
746
592
443
179
314
331
670
283
120
864
194
335
390
947
116
291
163
201
20
497
815
81
665
86
5
46
483
640
569
347
995
959
242
69
63
527
226
883
567
918
928
532
415
759
125
914
704
222
491
627
370
850
342
880
741
954
92
219
873
820
705
326
856
272
572
30
821
421
585
385
99
231
157
418
986
658
711
197
744
496
352
991
315
479
398
397
917
901
816
23
942
457
16
257
485
549
738
980
706
842
137
771
635
539
361
346
528
750
119
869
513
849
205
605
73
184
756
560
748
61
689
772
650
913
76
912
15
439
312
292
767
721
91
769
267
674
998
332
26
904
464
662
857
975
993
475
983
142
976
57
751
729
255
372
922
114
432
208
341
423
697
682
685
474
147
884
817
164
480
392
115
353
37
435
645
111
471
691
102
93
587
249
893
254
53
554
178
195
908
394
533
300
566
969
987
7
832
32
882
247
451
935
775
113
251
262
564
304
492
445
723
601
419
732
733
637
655
14
925
66
692
777
369
33
62
220
192
620
405
745
357
84
898
212
934
839
968
971
223
51
417
265
88
902
329
596
403
740
708
875
644
9
757
177
519
944
141
555
146
438
647
78
550
459
663
337
440
328
375
906
160
667
621
774
60
362
910
395
324
70
294
989
618
488
860
43
466
999
664
643
903
681
211
622
460
844
11
446
132
852
562
306
225
718
95
790
434
828
915
436
963
339
763
788
297
224
845
799
334
966
770
280
213
133
761
105
345
256
204
819
158
822
187
570
871
881
604
747
979
3
858
236
248
526
344
889
166
547
678
17
899
502
724
484
79
310
826
891
117
836
252
608
44
659
612
276
940
227
149
614
923
782
556
766
503
90
360
534
161
130
994
990
633
965
183
124
499
18
727
215
275
847
600
109
623