625
738
1387
1007
1601
1987
1811
1684
1416
1984
75
1288
534
207
2390
2235
1114
2654
1506
1576
812
2513
2362
390
1438
1467
2997
1298
1996
2630
1437
68
2951
1364
423
2662
1351
1242
14
1650
45
2466
662
2623
281
1380
2659
837
2455
865
316
2064
1346
1205
1448
1904
2317
1847
1500
1479
2411
1761
2245
801
2065
2331
2763
2323
455
30
2712
2155
361
159
2530
105
2663
1856
2315
2962
162
1226
10
1559
232
1886
319
516
1562
2143
2358
970
2468
1199
1027
1028
89
25
1068
2342
1471
641
733
2634
2291
601
1436
1799
22
2937
1043
492
2080
1098
209
1671
2506
713
2795
1550
1246
2238
1778
1383
1141
2420
282
1045
1126
204
1704
2281
2360
1951
219
2250
1989
888
2270
1212
2382
823
1557
385
99
2328
2248
1312
1586
1528
1948
640
2047
1908
1903
2576
2692
2581
1222
781
2965
2289
409
1787
329
747
1627
314
846
2075
2798
2009
1164
1746
2788
1736
2883
1073
405
963
1461
2808
2379
2813
2336
2559
836
1512
884
1230
2090
126
16
1234
5
897
2612
238
2744
2690
212
918
2202
568
2780
1427
94
525
2236
957
2208
2824
2314
844
2405
917
1294
1378
2216
141
318
2081
2888
1763
2821
2181
2915
580
1338
218
548
762
1343
394
2370
973
90
1732
1994
1040
484
120
2792
2608
1879
2507
1
511
418
807
2106
2516
1759
2891
2122
1307
862
2956
687
1714
2505
2264
772
2550
898
1850
1339
527
2776
2903
1893
1919
507
2054
499
2943
2894
2536
598
52
1157
102
2117
630
1660
1760
2422
2552
913
2793
1064
2731
942
2487
67
2957
1081
240
2949
2280
1723
746
842
368
2441
2910
2349
684
1219
2069
2917
2104
2222
819
1150
1695
326
1111
782
992
808
2465
1542
2913
1336
2525
308
77
2950
1350
1556
1191
1284
1672
562
972
2451
2973
1249
2743
1558
356
2492
2010
222
2152
789
1065
600
514
447
1713
422
357
1635
74
2259
2049
1924
2557
2528
1673
1447
1390
1867
1148
397
1173
2434
2205
1804
2920
2178
627
1266
73
1889
1979
2440
43
1244
229
1370
2439
1229
1877
108
603
2026
550
681
2874
1929
2103
1675
1993
2157
2980
442
420
1335
1345
2494
2486
546
1767
2553
1273
2192
722
391
2538
674
810
2660
614
2504
964
2277
1082
2621
101
2337
2938
510
1808
506
344
1605
1304
2555
2661
347
947
1837
1911
2034
1455
2830
1054
1636
530
2901
41
2391
33
2785
1176
1494
663
1648
1355
538
1311
714
1587
1425
2710
2394
53
276
944
2781
2520
196
2489
267
1898
1597
2414
342
2229
2732
1701
330
2393
1279
1468
2923
1665
673
677
2380
324
749
710
2667
1408
112
731
1936
497
2447
2007
2981
2228
426
72
2243
255
1902
1863
2016
2701
1639
925
1683
2835
1395
402
659
2846
377
2726
1571
870
119
890
2868
2189
1372
2161
2428
1459
256
2055
2298
2467
2033
1030
895
1094
1089
570
2986
2463
355
1096
2024
1752
1133
1913
47
1337
2100
799
360
512
806
1946
1600
766
2518
2002
1501
2549
454
1717
2038
2387
2381
263
824
1935
1180
1964
905
1356
2860
1280
2479
142
592
2738
2199
1812
1876
2223
1208
915
2653
2534
1211
2519
1520
576
2162
2284
1400
375
1324
1892
2139
521
631
306
2246
2327
2444
272
2023
413
123
579
369
407
2902
2786
1295
635
1113
2396
2071
2624
1357
221
2978
2182
1517
1917
27
2135
479
2870
439
2847
109
1490
1441
1258
2879
916
529
2121
1442
350
2713
304
2643
1154
2464
2039
2841
741
2896
2533
2926
1070
1331
873
1651
2676
2822
417
573
2132
2897
1050
1066
1792
976
1090
2471
381
198
2541
724
266
24
1403
2392
273
1125
248
1062
2699
2407
1629
671
1666
1042
1091
744
2977
233
2834
997
664
666
859
1624
2854
1611
609
1260
161
2772
2144
2974
737
930
2495
1805
2994
2741
1973
473
1588
1197
2724
2759
257
1171
729
2094
2051
700
84
2709
2992
1916
2727
192
1105
164
278
1874
2193
345
526
940
144
2449
531
1446
46
1399
2681
323
1912
788
803
800
1722
1807
720
1640
1715
2954
274
2028
894
1658
2204
2898
183
40
2809
2679
2014
2736
686
1655
2561
2531
2932
1991
544
396
939
1410
643
2979
2967
1240
857
2113
501
2658
1783
1934
388
387
1839
485
2091
494
260
581
1687
2168
2671
2740
2775
2045
1320
1299
312
2169
1464
1348
1445
294
106
340
728
476
911
1128
1389
2372
2861
2523
1168
922
487
2133
2175
0
2761
998
300
1046
290
414
779
967
1493
867
2060
2982
551
1775
693
395
612
2853
193
214
1768
1527
1709
796
1127
1616
443
2158
81
1485
2757
138
2595
1322
1167
878
480
242
539
2875
1268
2697
2803
1019
2022
2580
174
2166
2515
1058
2063
937
2366
969
1733
58
4
1560
1538
1373
1359
445
2629
2584
2378
610
143
1953
2
488
2000
1465
1982
1965
2020
993
136
622
629
1957
2294
438
1314
2313
1003
205
1748
1718
132
2278
199
226
1781
2615
2357
735
2755
619
2363
430
2015
44
1685
850
2683
2610
2611
2445
1025
1021
2802
1071
1156
607
1316
702
1193
1497
1131
495
1541
1077
1510
2651
1432
2672
751
2271
1945
2359
1998
983
1604
1420
1796
1680
1844
241
1511
245
734
2904
2473
1572
1139
2255
1918
1430
2887
1883
2945
1716
50
2163
1443
482
1134
2567
1631
2762
2811
715
1667
2231
2458
2129
2722
1136
2111
1861
1834
910
85
1516
373
2806
1699
758
2369
849
200
646
2768
1810
211
1100
175
171
571
599
958
2321
805
421
2256
1823
1381
2751
160
623
1033
1614
2756
349
1607
1024
2968
1595
365
1484
667
1052
2750
2524
150
1056
2863
95
2794
577
1386
655
2215
1677
1166
2324
990
2942
2715
113
167
1990
1875
474
1849
265
1790
2346
561
2890
1329
1577
784
2283
848
11
1674
633
1254
404
554
2102
1101
1276
1026
1379
1555
2225
2770
259
2263
1858
2148
1970
2961
2044
616
1012
12
2804
351
956
1749
2686
2603
460
1615
1940
931
224
1342
926
1466
2316
31
1978
2398
2876
1301
605
2353
1820
2591
1358
637
2293
832
149
1598
18
661
2354
2606
1224
1853
2832
359
1185
2496
437
1508
1776
1492
1309
2952
1895
280
523
2645
1549
1914
1537
124
1692
1907
864
688
1703
564
1574
203
168
1371
583
392
1806
2435
2226
1034
2310
743
891
2127
1959
374
804
1773
2341
2509
1827
1599
2273
678
1369
1118
1789
1481
1453
2438
1530
2448
2618
1708
783
1414
594
2796
2247
91
828
621
2083
558
86
2970
235
602
2183
563
624
2600
1297
2622
1259
236
2460
2639
1770
904
2925
1183
1818
1498
1825
92
2011
1753
2308
694
590
2688
2242
2469
383
2345
2546
2214
2859
1932
537
398
2886
400
2906
15
1865
446
1618
2782
1158
57
13
1037
2266
838
1609
2498
2620
2707
863
1153
877
264
63
2512
288
1561
339
2110
2232
1890
336
1313
522
851
1596
2295
490
1755
299
1961
1084
692
1434
770
1632
2096
103
2573
1678
2442
366
2140
2477
588
2190
2848
1093
283
2745
1076
250
1509
2720
999
2288
1031
1585
1573
1232
813
1196
1377
1928
1852
1011
869
2424
1055
1546
2153
1610
2268
604
948
1563
1845
882
496
1116
2013
1591
1828
1402
2819
2057
1423
2989
1109
642
424
1074
1901
1352
152
457
352
2526
906
2829
1937
2955
2805
51
761
668
298
502
210
2196
1361
703
1341
2167
1779
1398
408
2244
2427
1534
147
2907
1482
1526
271
2723
1412
654
1099
1155
93
2884
1227
1757
139
2758
1983
2348
1487
1725
2325
19
1250
1593
1439
845
2946
1020
2577
2871
1568
262
1734
320
2209
2302
2725
2862
121
560
974
2408
1795
775
1724
2845
1966
1396
1036
2641
2826
1274
450
1218
2627
2842
1900
1742
2511
2568
1287
1404
433
116
243
2457
2454
2837
1854
2880
1186
1702
961
1360
2319
2164
2816
137
679
1106
2948
2984
1656
2911
2941
1747
1955
2185
291
1872
1620
1628
2748
2351
1927
1181
829
1018
1536
2815
1384
2503
1175
858
2050
975
2195
2716
2004
2194
2093
2752
343
1514
935
1643
35
1926
1117
606
2287
2594
982
760
821
1162
337
670
1814
2674
639
2909
1473
1122
1194
540
2257
508
2146
2478
572
1581
1323
1735
2501
1974
2459
353
818
2812
2642
1172
2105
1608
325
959
2260
2056
1602
2985
415
1102
1842
1463
1495
2497
1700
1270
2719
2249
1846
2578
2258
1243
2389
1521
1887
578
2262
2747
1085
1720
1771
2311
1269
1305
1570
726
1949
1088
765
1938
153
1228
2872
933
840
2728
1303
29
1505
428
2635
2425
528
1693
2698
545
2764
790
1080
2088
1325
1015
794
1202
1137
1231
986
615
2138
1661
70
719
923
2432
2066
2940
2339
1905
1179
575
984
1397
2493
1868
2649
2147
932
2109
2590
2073
2840
1146
216
1063
181
215
2995
2318
1144
2413
1931
2188
145
1843
333
2108
2881
1424
2998
1392
1988
2334
2276
2680
2035
1891
1048
2833
1741
2462
436
186
489
1981
960
1038
2574
285
1486
2921
1047
809
425
197
1499
847
814
1670
1241
773
2159
2914
296
156
1121
1668
2419
227
524
912
1705
2151
158
2431
2120
311
202
2839
811
682
2472
1730
648
2665
2344
1201
2482
533
504
2734
2586
1871
2695
919
567
868
468
234
376
2922
2858
1848
2384
188
1326
1764
708
237
481
170
2614
2636
941
252
1784
816
1135
251
1729
574
2141
2823
382
190
697
2412
228
2601
295
1524
2417
2532
754
429
1491
185
2773
2687
2784
1458
2551
2076
293
2964
59
704
1719
230
2361
587
2596
962
881
2018
2269
2849
921
929
1831
403
2718
2410
182
1992
2252
519
2900
2450
1333
1393
2230
1899
1177
1986
2118
2677
2566
1365
1947
2797
1433
1738
2899
1097
991
1067
37
2558
934
2300
1921
334
268
2322
1366
2939
2570
1149
358
626
1681
792
36
1564
2769
854
2005
1060
2062
1256
1488
2572
1457
2402
1840
1740
1882
151
1833
2852
593
1275
2929
981
2585
2453
386
769
1885
2237
1956
566
2137
380
384
841
2704
1237
1659
1870
886
346
1857
2935
2882
1930
2003
416
2678
617
647
2171
515
1519
1477
1317
1147
2087
1418
711
1851
899
2539
1952
2930
2664
1022
292
653
100
201
1138
477
54
1059
900
2850
903
127
780
968
64
2352
1004
448
739
2221
2052
471
817
1525
1267
1209
2579
1344
17
1247
557
97
839
2333
2540
1551
1801
1132
2527
2825
1896
689
547
80
2626
1110
456
1809
1832
1472
2831
2364
1277
96
591
303
1862
2456
2708
2889
2544
1005
1969
1824
1756
949
1944
2134
1225
379
2048
695
988
1049
289
2186
1766
2374
1943
427
146
2343
2067
317
787
1653
2124
1296
1507
1706
472
1939
1245
223
945
1888
1391
2452
2619
596
1382
69
1909
1281
1841
1431
297
2963
2297
797
2395
2593
1743
827
656
2565
1112
2908
2668
114
1238
1751
2960
1785
2234
1971
825
589
307
2275
2211
1008
1165
954
491
1977
1039
1293
269
2475
1762
2607
1075
2753
2800
1682
2251
79
2040
49
335
909
2510
1475
2285
513
2838
411
2332
1922
1816
60
1363
880
246
348
706
1184
855
2944
2239
2340
1217
466
1032
1727
1780
2086
2990
1786
2173
1726
2483
1006
1721
1145
1647
2330
191
1057
399
1590
2706
1855
1160
752
1906
2265
2461
1124
493
2670
1460
966
1449
1910
582
2912
1638
1606
1836
669
901
1248
2644
461
2078
893
178
2006
410
1694
1278
1318
478
1140
2224
2279
301
740
1079
928
1707
2301
1817
1285
2787
239
852
1504
1496
2368
2156
1594
2303
2582
2415
2385
2865
1235
1739
1417
1711
1469
2253
39
2987
464
872
795
691
2470
1657
217
1968
2517
2947
1051
1286
1239
1394
924
777
543
559
1086
249
328
569
206
1894
883
1374
1802
1332
1529
2569
1664
2575
707
943
908
690
261
652
2072
1881
1794
244
1750
275
2625
1302
1592
2953
2008
1119
2154
2130
2522
1689
2406
2592
370
1376
401
1263
1159
638
465
776
1207
879
2936
1123
189
2502
2843
1251
951
585
2123
1690
2304
1454
322
2107
1777
133
2241
541
2097
315
1860
2779
705
287
2267
2999
892
1334
1619
979
1215
2240
20
1474
1013
2179
2543
462
1654
542
2290
2203
1169
2500
61
2864
2206
2647
2892
2774
2484
1271
1375
2885
1142
2632
757
2061
675
1095
467
2703
2423
2306
978
1411
518
1083
62
2299
1958
736
2210
727
432
793
927
1014
440
2418
2092
279
1641
685
131
2112
1130
1637
1041
2429
723
1347
2085
1349
1405
2696
1029
48
2673
270
2918
1565
2070
2857
176
672
1884
1933
21
1151
1737
1120
2488
2307
2059
254
1170
1188
125
1087
1535
1584
1174
367
1646
1189
195
1478
2386
1161
1967
1975
2631
2119
104
32
755
2388
2089
129
2012
2589
742
2657
701
1009
1262
2021
2666
2705
1252
1728
2767
2400
2160
1195
2971
2485
1710
2036
2474
2742
1163
1960
1422
2791
2777
1053
1483
2563
2721
1985
1289
2669
907
1016
208
419
1353
1995
2547
1696
2818
2991
2969
1328
509
2404
309
2126
1822
1221
1308
354
2068
1300
327
166
2373
1580
902
2856
2058
1553
1452
2030
1815
1920
1017
1385
500
38
2790
815
680
2174
1523
1772
8
1543
2145
2617
1880
2877
2338
876
771
1204
2602
1826
517
2184
1788
1942
1187
1480
1567
861
786
2371
122
2766
338
2480
1143
2873
2739
2213
1972
866
936
2588
173
889
2988
718
1630
1976
1152
914
28
1878
2227
393
2326
2604
2031
1290
2545
2481
1980
2053
2416
2212
1450
785
2272
483
2729
532
2905
2983
2652
650
1010
1321
699
1603
9
536
952
2836
98
2598
2934
1362
658
1798
1078
2149
118
644
820
874
1456
431
2919
553
2170
1579
2074
1264
2399
1758
2079
2219
2282
406
1315
2583
853
7
2746
2542
1253
2609
23
2499
1092
441
1044
753
1272
595
1462
1575
2115
1283
2514
1582
135
1407
247
117
412
732
1622
871
2027
2356
1774
2730
994
2421
1923
1108
2043
2656
253
2717
458
2556
130
165
225
154
2131
434
2959
712
2650
2136
2019
2350
676
362
965
1451
1210
305
2142
2675
1688
1662
618
2376
2187
163
2702
1001
1415
1421
1829
1531
1745
1340
767
2296
1522
2771
1265
830
1354
1566
2851
1532
2128
363
2599
1712
2476
1409
475
2789
1547
856
1676
503
717
520
2274
2928
1216
2292
1731
82
444
2437
2261
1997
1539
389
1104
2409
665
1129
155
1023
1440
2783
1233
179
980
885
371
636
1669
920
87
1406
2077
364
2397
486
2689
2446
65
331
451
157
1625
2095
555
1236
2233
115
1282
2436
332
2099
2521
2125
613
2564
1220
1859
1663
860
985
1426
1533
2560
2084
1502
2828
1800
1306
938
2844
498
1769
1503
2878
2801
2749
1319
1545
2931
2220
1255
2443
1444
778
2714
1686
1257
1548
76
2312
220
565
2684
42
1621
1072
1633
946
2628
2025
2375
2329
763
1962
1950
2116
2820
1838
2218
1192
1613
645
2197
756
83
1002
1623
2976
2893
2810
709
1873
2916
169
231
1642
634
2037
774
1470
2305
1367
987
1941
1782
831
1644
2605
66
1691
2827
6
2017
258
2046
2562
2637
1744
1544
1583
2150
1292
1793
453
1954
2866
1190
1612
2682
611
1435
2765
716
745
2355
2571
2401
2996
284
971
1813
1963
1429
2217
172
552
1213
843
535
459
2433
2737
651
2286
2817
2655
2537
2180
2972
950
1223
748
989
111
798
953
2032
2924
1649
2711
2927
2508
463
1819
1115
2799
1428
1182
1821
2114
469
1214
2895
2191
1368
2198
310
730
1515
134
2693
649
1107
449
435
2975
1697
2309
657
187
2638
286
2993
213
2426
2098
995
1413
1198
896
1578
2207
597
2694
2367
1552
875
750
452
2548
822
2648
1206
977
1835
996
2320
148
2176
194
1797
1330
768
321
470
1540
2042
128
1617
834
2377
1652
88
608
1327
1999
2735
764
2685
1765
2554
2633
1569
835
1513
2855
26
1035
660
1476
2933
56
180
586
1925
2491
2403
378
2587
1518
698
1864
2172
1869
140
1291
826
1489
2958
1419
2177
628
2867
184
1261
2616
833
71
1626
1203
2041
2966
341
2640
1915
277
556
2200
2201
759
34
721
2335
1754
2691
107
177
696
1388
1401
2101
1178
2430
632
1698
2001
2700
2347
2646
1103
2535
2490
1069
725
1645
620
1791
1679
549
584
2165
1634
1061
887
302
1310
2613
1866
1803
802
2082
683
1830
2529
2365
2029
110
2814
2254
1589
313
1200
2597
78
2733
1897
372
2760
1554
55
3
2778
505
1000
2869
791
2754
2807
2383
955