476
2904
2547
1440
2450
2605
1970
2689
495
208
1324
2183
594
1518
2739
1789
657
2278
2402
601
589
2134
2205
2907
2814
119
2514
229
1178
2240
2166
1443
1428
2415
1950
255
927
583
863
900
2387
1916
1659
1246
813
1236
1646
2749
74
107
2846
869
2816
2082
303
1550
2918
1093
1767
1704
1593
1291
414
1049
994
253
2105
2772
783
401
4
1523
714
1946
2801
141
513
1718
2532
1395
307
961
508
2886
928
2188
1948
875
1147
510
2629
1870
1530
14
1227
2002
2757
132
1817
479
2756
2351
2007
487
2385
11
688
2297
1302
2263
1588
2131
1493
2204
1479
526
78
1275
2312
2715
2827
658
332
53
158
1283
1985
1787
1901
1196
683
1453
512
2835
1244
1242
2116
2009
277
1001
1765
879
2334
2999
1399
1370
2648
2266
2070
609
2543
722
1467
2013
2973
570
1603
1746
2229
1932
1506
2518
227
1188
549
969
545
2168
1469
1996
2073
787
75
1309
291
2806
2505
868
1489
427
282
1377
2209
2429
1839
874
2021
1842
413
47
655
2495
1096
1696
1922
1011
2060
546
2576
112
1711
1379
1113
1599
2225
1043
2493
2813
772
806
2270
2898
534
1025
1417
1664
2084
1385
2949
1738
1305
486
1749
10
522
2888
1900
488
2032
2273
1647
977
1383
1963
650
200
1912
2497
424
2376
2496
1018
376
2808
2544
2790
347
369
1717
812
2900
1512
2431
1300
2608
732
2404
2699
1490
2527
2798
480
1734
906
2844
1241
2230
84
1231
300
2646
1748
111
975
1541
2247
1125
1199
2615
2102
2980
509
1930
2198
1117
2144
1917
791
2674
1877
1863
2932
2820
592
2473
2011
2654
2058
1804
1714
415
1537
2534
834
2506
2579
2997
2400
715
1944
189
2022
1742
2303
523
2875
2925
2384
110
1862
743
311
2480
2296
2140
1942
352
2719
943
742
2635
1792
2083
1144
2333
1315
840
2580
2076
45
2362
2474
261
1965
2883
1004
80
453
1421
934
2165
1779
952
1392
2034
1967
2350
2426
2522
1444
2950
1032
1939
921
1788
2260
2234
1099
1461
2458
1425
736
1776
1561
1202
1365
2394
236
2742
275
1998
1150
1245
2783
2047
2662
174
1674
985
1923
1146
2179
2887
76
710
314
2610
2671
2681
2559
2582
1865
2545
2758
2062
2915
1402
1156
2819
582
235
182
1424
1586
2641
20
871
2372
1735
426
169
901
8
1728
2564
116
1270
942
2123
1347
2294
217
867
379
763
1799
46
2910
2357
1225
2876
2759
1764
472
2972
1103
1240
2902
1038
2859
1677
180
1086
1632
2428
2196
2448
2894
1316
1369
877
1513
320
861
2985
1559
1629
1003
974
2821
465
699
1471
1074
1896
2108
1126
2202
907
403
1554
918
2962
1135
1152
2098
1569
2477
1784
1326
1157
946
103
1802
1911
475
1712
1069
2135
1390
425
648
1592
1457
611
1885
2504
1857
1115
1298
2455
1026
711
1570
1348
882
408
1406
2779
539
2186
960
686
2325
2314
2731
1373
2583
1667
1473
1988
908
1239
1211
3
44
164
138
223
2964
1306
2462
1139
2513
1260
2666
2207
1987
1756
2823
2677
167
1163
1262
2078
147
2617
2961
1557
406
2922
1168
1847
129
1753
1583
1294
1020
899
2311
470
2184
1751
447
620
1682
1598
2614
37
268
2897
2619
983
69
1465
1133
2327
2187
2745
1259
1695
1151
2797
42
1547
2292
2752
1945
2439
1346
1904
1619
1980
816
417
2707
1687
127
2298
123
1407
348
888
591
2033
2767
2714
2863
2444
2063
1699
421
2869
2405
40
533
2309
567
679
1235
145
637
2632
2181
2289
2734
2990
1854
1013
801
2785
1791
1491
2042
1015
1310
926
225
1321
266
1750
1182
2248
1162
166
2730
739
350
1064
519
1771
2068
984
1580
2201
1655
313
758
2947
2717
2649
1272
1713
1766
2616
2607
2895
2401
654
1551
538
603
2934
99
2454
1323
2049
2500
88
2553
2284
1875
2111
92
2279
1449
449
1831
2489
150
2014
1941
1511
1100
1356
114
1111
2465
1732
21
2024
329
2842
622
898
535
769
2081
2464
2551
1066
1620
197
2763
285
1538
151
2259
2625
2977
2413
768
1519
1285
781
2828
573
2245
1299
2854
2264
1623
635
1838
2659
887
2515
1223
827
2093
328
809
2708
87
1159
505
343
2488
1974
835
1966
1400
2913
2425
2824
1581
2704
1825
438
365
1358
2983
2069
1908
1053
2064
1925
399
2892
1413
846
2071
2941
7
1252
1137
1224
1652
2451
2698
1435
1936
1189
2502
2127
2290
1902
2992
2807
1271
2754
67
493
1639
811
1084
1602
920
1486
43
435
2322
578
1343
1973
2812
895
322
733
2713
51
1669
2417
1880
2871
2440
1597
2519
890
729
1024
1098
1149
1325
299
1456
458
615
228
814
1672
2627
2035
2602
2843
2676
1212
1351
2691
204
1068
2280
2066
370
1964
2048
553
2080
2832
1822
1332
1601
1897
776
1301
2969
2525
1681
755
676
948
1899
773
1418
2133
456
2065
1181
1175
2016
1690
1670
205
0
598
2215
2724
175
1926
89
865
2592
1255
241
667
1958
360
1656
2503
2086
759
2057
2630
2446
165
2220
2803
60
1571
1434
1138
881
501
678
1478
2460
1442
2182
2552
626
137
388
1041
1962
2686
338
1852
2587
325
1861
2236
2956
2535
1719
1102
1475
2858
670
38
866
442
211
387
1017
432
2160
1724
564
41
17
2952
297
2328
793
2597
1263
319
2107
1763
1641
576
1730
1166
1132
1436
2690
2347
33
54
2171
2937
216
336
585
1952
1396
1067
2588
1281
2670
2463
2059
1594
143
2037
949
1487
65
2200
407
1431
1913
673
2700
703
2540
2903
1517
263
1884
2368
1516
196
2889
1110
941
2355
628
1937
1701
2343
600
341
1638
854
220
2741
1123
1228
701
1079
2218
872
2261
2634
1556
1542
2684
987
1500
2725
2577
572
1090
2310
321
2227
271
1410
2124
2573
595
2694
1760
1563
1986
2599
1233
614
2408
128
90
2839
2028
623
1668
959
837
1762
2914
841
1992
1574
889
2305
1833
194
298
1893
2572
2482
124
2668
333
798
2555
2920
183
2053
1498
2393
1640
1482
1653
547
102
1201
2557
2115
1726
2810
962
1855
640
2530
2802
1179
2601
1268
2110
660
2908
2987
2041
2092
2475
2235
2162
398
171
71
2891
586
1114
133
1420
422
932
2967
1809
1054
82
1626
1009
184
2237
796
2620
131
1785
761
919
1869
1264
681
2951
1972
2848
738
2256
2804
2841
661
1850
1600
482
1782
559
1382
1446
2409
1891
643
2138
1290
1176
2511
2374
1931
894
850
1328
904
1191
1216
316
1448
1628
2753
625
418
2923
2606
1164
499
2447
334
652
794
2382
747
909
2781
2957
2722
723
13
1575
122
2180
851
2791
1521
517
1342
1016
2963
157
439
1195
848
832
1508
2486
2927
862
1460
1423
2861
1577
1501
2840
431
2679
2410
986
724
492
1811
925
91
639
666
2365
536
1540
2762
1172
2373
1722
1616
2796
502
511
1976
1089
627
751
2647
2661
1194
2399
2095
754
2899
2780
555
243
2046
23
2569
2509
2103
915
746
2269
2852
302
276
430
2738
1488
1768
2817
1088
1755
1886
2015
2912
2929
1127
2993
1777
1200
2117
2381
2556
2965
1338
1006
2339
579
240
2219
2508
749
2966
1716
244
1438
2936
1217
1050
2943
902
537
1660
1909
1868
1578
1097
2331
2558
1786
1778
185
232
466
1354
802
1803
323
2896
1027
1524
2981
2099
170
2906
2299
2740
378
1081
616
410
1481
2349
542
1507
2435
638
281
566
2845
39
2197
1590
1754
468
2031
1198
1483
606
1080
1221
1055
186
2006
713
2190
2847
1101
1219
1036
1408
469
2855
1161
1969
2231
1022
599
1539
730
2701
1675
953
727
1691
521
2645
1367
1167
957
1350
135
2363
1472
2723
2867
966
2406
2836
1940
2825
2728
12
1078
708
2194
2295
1635
939
1688
125
2336
2537
2501
2793
2277
786
1978
1105
1708
568
28
2106
2866
1220
2939
574
995
2524
2291
778
454
2143
1317
940
2853
2492
1907
395
2118
752
2221
2768
2226
2390
575
1821
2412
2755
2043
1044
2419
16
2008
1319
391
698
762
1834
618
2335
428
1375
2687
1155
893
1023
516
2971
1045
569
2494
1849
2773
264
690
1451
2141
634
1558
1355
262
838
2633
2945
717
2778
1229
345
694
2612
1131
2958
1673
2257
631
1249
1828
2094
144
702
1388
692
1866
971
1184
819
1361
2272
18
1898
1336
2149
2283
1527
821
245
1204
1
982
2040
803
2953
1364
2470
672
2342
668
1949
159
2119
1381
1048
924
121
2378
242
740
831
2594
258
1327
2872
346
671
1296
1938
2380
1694
2986
2242
248
2130
1553
441
721
2154
2539
2655
1313
629
1618
1906
2250
317
230
306
2258
1403
2353
1956
168
675
1207
2794
1645
234
897
1484
1046
79
1643
93
31
2395
765
2938
2442
1331
880
2178
2392
1474
368
1800
2831
2137
1910
1165
252
1143
2815
81
2788
2769
1205
1335
2864
503
2001
304
2517
484
2222
104
59
148
2472
1888
1721
1576
420
2164
2948
1772
2636
2870
680
992
999
2976
162
1339
373
1534
1173
1971
1633
845
1883
136
856
530
988
1522
2391
2056
2856
2152
339
2479
1322
416
735
1030
792
532
1568
565
2868
1612
619
118
1458
56
2457
2151
366
219
1394
1562
757
2751
85
2710
372
950
2359
1611
1630
2642
1650
1894
2369
257
412
77
2994
249
1843
2712
2441
997
2276
1606
2443
301
734
2766
520
790
130
1572
1391
849
1710
1818
191
1344
922
489
2575
1543
716
1654
2926
2711
839
120
1153
833
2946
455
331
1929
1021
1031
2733
1678
1128
2809
2683
2398
32
1867
2484
2246
1835
2326
2935
2088
1411
2091
2787
885
873
187
2541
1243
2122
1368
1840
1994
2682
1579
1661
2919
2860
199
460
1745
1676
2618
645
2332
525
2550
2158
1002
2598
173
2727
1736
497
2241
250
617
2775
2421
1441
402
117
2862
857
2212
1257
1921
1318
649
451
48
2692
1844
381
2680
2210
1359
2427
544
2238
2978
461
2771
2345
2940
1010
1747
2657
726
860
2877
1715
782
394
215
445
1887
35
1052
1504
1499
527
2366
1419
2826
951
2931
2157
1334
1536
98
1814
2476
2055
2705
1796
2533
163
630
593
1984
2878
2074
330
1813
448
2585
1247
233
2216
337
955
2445
1919
646
1496
737
1398
2593
295
771
1278
1627
2466
181
2337
459
552
2170
1795
2346
1058
571
2782
1341
371
1859
2818
1254
1829
292
2113
1120
1905
548
2729
155
1729
731
1744
6
1502
327
1609
1092
2850
1494
1012
267
222
2968
478
779
2665
1832
1837
2928
1353
57
2114
2584
142
2911
2652
293
1573
1329
2591
1213
998
2203
177
507
1185
1230
2192
2101
910
2833
1631
2005
1455
2924
2029
2998
289
1447
1073
2881
209
767
340
1662
2217
1807
2726
633
1466
354
605
34
1752
2901
1920
1404
1872
991
1248
2613
1733
419
884
1510
1587
1903
1210
613
587
1700
1065
1725
207
799
1280
2360
2916
58
2523
284
1947
870
105
97
584
1282
1028
296
1222
272
1649
2510
1915
2622
2211
2044
315
50
826
86
312
188
1889
1773
1770
2177
2561
2996
2288
154
374
1783
1685
411
2281
1145
1680
2438
687
1737
624
1552
1450
728
2344
1136
1082
2287
1059
2471
2
2623
2243
2483
903
1758
843
1851
2542
2609
2018
2146
367
700
1337
1464
2364
859
1234
1856
2747
2072
524
450
1526
2784
1761
972
1047
1051
1141
2050
1037
1062
1918
2498
1087
1743
496
1585
2169
1881
1258
2017
335
2313
94
273
2562
2139
745
239
725
604
1371
2529
405
443
883
362
2262
2499
518
2348
2045
719
917
805
2930
1876
1106
693
2849
161
2709
15
2285
1924
1203
1741
1827
663
770
1169
1056
669
153
2148
2077
62
176
2306
1657
506
1218
72
1810
2955
2528
2375
2341
1075
238
294
2851
2560
1071
1276
1642
2468
2675
1274
1584
2153
2942
1555
2253
2837
1684
36
2581
1401
914
68
1414
344
2224
1170
2786
588
274
981
1858
1251
944
696
1605
474
2571
1180
804
318
1112
1208
390
1378
1366
1982
1005
26
1582
2485
1374
491
1432
1277
1604
1774
2596
2520
1995
2208
830
2586
2010
308
2172
24
29
2678
1790
1035
213
1304
2685
1140
964
2159
2909
434
2267
1983
1846
1083
963
651
2744
1308
1608
483
815
2173
25
1148
558
280
1525
1544
677
709
1564
1759
1174
1430
935
2760
2424
1819
1740
1686
49
477
2308
2329
437
2656
1363
400
1892
1769
1648
1914
2554
5
2736
2988
2461
1707
2795
1702
179
256
2873
980
878
156
2995
2453
607
2232
61
2167
237
1476
2469
55
1060
139
1780
2626
226
1596
1072
2574
947
1409
1122
1793
2275
1613
198
2039
1823
70
1470
2061
270
1007
2563
2600
1187
9
2507
829
481
891
1415
704
1624
2271
361
265
817
1039
2136
659
2293
685
1314
349
1693
66
580
384
682
1860
30
1360
279
1492
610
945
689
2096
1794
1297
1250
2282
1614
2213
1279
936
95
1226
286
800
2199
1422
2128
2979
753
968
2954
828
684
1703
2324
423
2396
1658
2890
1981
1190
2538
989
976
562
938
2750
19
2432
2175
2628
2403
2163
1617
2595
1014
2228
1871
2546
1256
1104
1636
1720
2735
231
1095
2436
1267
2568
2233
1040
2416
1953
113
956
2746
1029
353
2407
2548
1845
2354
1445
1808
750
1935
1070
409
2663
305
2590
933
1160
2879
2087
1303
504
246
2389
2254
429
2422
251
2388
2478
2917
1034
2214
2822
1607
1289
707
1130
1709
1757
1928
1697
375
912
2023
1362
1266
396
1960
287
1535
748
1993
1955
1386
788
309
2377
2884
1954
1480
2669
202
1621
2251
2490
1209
1698
471
557
824
954
2318
2640
1412
2975
1615
2361
1286
2252
706
2239
1812
389
2223
259
2621
590
1781
1426
1397
436
2176
818
149
2414
254
1206
2129
2672
2302
1124
1330
1589
160
2512
937
1509
1292
440
1848
1462
551
2789
1566
1384
464
2720
1019
1806
1158
577
2589
621
563
665
404
1273
2147
958
2970
2604
2079
2132
2960
2038
2643
1625
2829
808
2112
1671
1284
2565
2274
1565
392
2721
2885
1634
1333
1951
364
1879
2651
789
1665
777
2244
1528
2991
1683
2697
224
760
1042
1997
1463
741
1372
2025
2423
2880
2161
52
2637
2121
2481
2857
844
1927
2156
691
193
896
27
596
397
1214
561
2944
1975
463
597
822
1345
842
1192
2020
64
247
797
1171
2358
2716
190
1805
1959
2644
1107
2921
1989
876
356
134
172
2352
1129
1532
2777
2206
766
221
2660
2702
541
1459
2959
602
2905
1008
2658
664
1957
656
1775
864
2189
2367
2320
1990
1651
203
764
1895
1134
2531
1873
1116
2467
1545
1142
2792
2027
2379
612
290
1591
993
1801
2521
1287
1063
1505
2301
146
1352
494
2770
644
990
2097
2865
1961
774
1237
923
2800
785
780
2452
2126
2830
929
1121
1882
2411
978
473
697
1108
556
2703
73
1595
485
2834
1389
973
853
531
641
1109
178
756
2316
2104
382
608
63
152
2386
269
108
1610
357
1468
1454
847
1637
115
498
931
1666
1497
2307
1644
2437
1560
2974
1186
2430
2185
2255
100
2984
1824
905
2743
2125
911
515
1689
1890
2304
2631
2611
1968
892
2882
2330
2142
324
1437
2286
2456
2109
490
1663
2774
2397
2650
1739
823
2487
2051
1452
967
2982
1061
1094
2933
2150
2664
1934
1429
970
1826
2578
2449
720
1439
2765
1340
825
1183
2036
2459
718
1706
1307
1119
1520
22
2085
206
2100
2054
2000
2567
2516
2696
1979
554
642
1154
260
2706
1503
2536
674
1533
1815
2570
2052
820
288
1943
214
218
380
2688
1999
1033
342
1991
560
1514
2693
2732
1253
101
2030
2491
1841
326
1531
140
852
2695
500
1495
383
1076
2338
2383
2323
1293
1215
1485
1091
1797
1864
1798
2549
2174
96
1405
2989
810
2019
195
636
1380
2155
1933
632
1000
1265
1529
916
363
452
1723
996
2317
1549
2603
359
358
2667
1705
1393
1816
2145
514
2566
457
1320
1477
2838
2433
744
2249
386
2624
1232
1515
858
1567
836
1311
886
377
712
529
444
2526
351
1731
2653
2893
662
1177
283
2089
855
2321
2356
2012
433
1269
1727
1830
2265
2874
2195
1874
1288
2638
1836
2737
1546
2003
930
2193
1118
979
2340
2764
467
2371
1085
543
1057
1416
2639
1820
2191
775
581
1977
1853
1679
2418
2315
1387
1312
1197
784
201
1295
1622
1077
310
705
807
2090
446
2673
1433
278
109
385
2268
2120
106
1357
2748
2761
1261
795
965
210
2811
695
653
540
355
528
83
192
2370
1548
2434
126
2776
1427
2026
1349
2067
1692
2799
2805
2718
393
2420
2300
1193
2319
462
1238
550
2004
913
2075
212
1878
647
1376